23202
23203
23204
23205
23207
23214
23216
23218
23221
23222
23226
23228
23231
23236
23237
23240
23246
23251
23259
23261
23271
23272
23273
23278
23279
23280
23281
23282
23283
23284
23285
23286
23287
23288
23292
23303
23316
23333
23334
23335
23379
23380
23401
23402
23434
23468
23479
23501
23502
23503
23527
23682
23715
23716
23722
23724
23725
23726
23729
23731
23732
23733
23734
23735
23740
23742
23743
23751
23756
23759
23778
23781
23782
23784
23786
23790
23792
23793
23795
23796
23798
23903
23919
23924
23973
23975
23976
23977
23979
23981
24216
24229
24237
24238
24239
24244
24247
24250
24259
24275
24279
24281
24282
24285
24286
24292
24294
24301
24302
24303
24304
24312
24315
24322
24323
24333
24334
24337
24341
24368
24371
24379
24380
24385
24386
24390
24391
24417
24424
24481
24482
24483
24484
24501
24502
24523
24524
24525
24526
24581
24582
24604
24605
24606
24607
24608
24610
24611
24615
24616
24623
24628
24629
24642
24647
24654
24890
24930
24969
24980
29201
29202
29204
29205
29212
29213
29214
29215
29217
29219
29222
29228
29229
29230
29231
29232
29235
29238
29240
29244
29250
29251
29272
29273
29274
29275
29276
29277
29278
29279
29280
29281
29282
29283
29292
29303
29305
29311
29328
29329
29332
29333
29334
29335
29336
29337
29338
29343
29344
29345
29364
29368
29388
29389
29405
29413
29414
29415
29468
29500
29501
29502
29503
29504
29505
29507
29508
29509
29510
29511
29512
29513
29514
29518
29519
29520
29521
29522
29523
29524
29525
29531
29540
29551
29554
29561
29571
29572
29573
29594
29658
29827
29843
29890
29891
29892
29909
29935
29949
29994
32240
32250
32251
32253
32254
32255
32260
32270
32271
32272
32273
32274
32275
32276
32277
32278
32280
32281
32290
32291
32293
32295
32296
32297
32298
32299
33501
33511
33512
33513
33514
33515
33516
33517
33518
33519
36201
36211
36212
36213
36214
36216
36300
36302
36304
36305
36306
36307
36314
36321
36322
36323
36331
36355
36360
36361
36401
36410
36411
36412
36413
36414
36420
36421
36422
36424
36425
36440
36441
36442
36443
36444
36445
36455
36456
36457
36458
36459
36461
36462
36463
36464
36465
36508
36509
36742
36746
36748
36751
36753
36754
36755
36757
36758
36759
36760
36761
36762
36766
36776
36777
36783
36787
36788
36790
36791
36903
36905
36912
36913
36921
36922
36927
36931
36932
36933
36942
37213
37320
37324
37340
37460
37461
37462
37466
37816
37843
37872
37873
37876
37885
37900
37901
37902
37910
37976
37977
38300
38304
38305
38306
38307
38321
38322
38323
38331
38401
38410
38411
38412
38413
38414
38415
38420
38421
38422
38423
38424
38425
38455
38460
38461
38462
38463
38470
38471
38472
38473
38474
38509
38522
38533
38806
38811
38812
38813
38814
38815
38816
38819
38822
38824
38825
38826
38828
38840
38855
38873
38874
38885
38889
38900
38901
38903
38905
38912
38913
